2.600000000000000100000000000000e-001                                                                                                                                                         
1.000000000000000000000000000000e-002                                                                                                                                                         
5.000000000000000000000000000000e+001                                                                                                                                                         
1.701277511968145600000000000000e-001                                                                                                                                                         
1.417653980040309600000000000000e+000                                                                                                                                                         
-3.081395913730484500000000000000e-007                                                                                                                                                        
-3.725993375586820300000000000000e-005                                                                                                                                                        
-3.769226929495189700000000000000e-001                                                                                                                                                        
9.901951359277358900000000000000e-001                                                                                                                                                         
1.000000000000000000000000000000e+000                                                                                                                                                         
1.000000000000000000000000000000e-002                                                                                                                                                         
0.000000000000000000000000000000e+000                                                                                                                                                         
3.769230769230769200000000000000e-001                                                                                                                                                         
1.000000000000000000000000000000e+000                                                                                                                                                         
-3.769230769230769200000000000000e-001                                                                                                                                                        
0.000000000000000000000000000000e+000                                                                                                                                                         
0.000000000000000000000000000000e+000                                                                                                                                                         
1.000000000000000000000000000000e+000                                                                                                                                                         
-4.710780824712389900000000000000e+001                                                                                                                                                        
-1.884959571837412100000000000000e+003                                                                                                                                                        
-3.070263687306281800000000000000e+002                                                                                                                                                        
2.090313851637851600000000000000e+002                                                                                                                                                         
0.000000000000000000000000000000e+000                                                                                                                                                         
0.000000000000000000000000000000e+000                                                                                                                                                         
1.000000000000000000000000000000e-002                                                                                                                                                         
0.000000000000000000000000000000e+000                                                                                                                                                         
0.000000000000000000000000000000e+000                                                                                                                                                         
1.000000000000000000000000000000e+000                                                                                                                                                         
4.710780824712389900000000000000e+001                                                                                                                                                         
6.929926422560299700000000000000e+001                                                                                                                                                         
7.774897689232159300000000000000e+001                                                                                                                                                         
7.948084283566868200000000000000e+001                                                                                                                                                         
7.799798774442763300000000000000e+001                                                                                                                                                         
7.504363306449408800000000000000e+001                                                                                                                                                         
7.148153077278914200000000000000e+001                                                                                                                                                         
6.773615276515283800000000000000e+001                                                                                                                                                         
6.401275921128421900000000000000e+001                                                                                                                                                         
6.040740793700644000000000000000e+001                                                                                                                                                         
5.696193576456181500000000000000e+001                                                                                                                                                         
5.369142718766482900000000000000e+001                                                                                                                                                         
5.059792798873212400000000000000e+001                                                                                                                                                         
4.767728252698543700000000000000e+001                                                                                                                                                         
4.492253399175268700000000000000e+001                                                                                                                                                         
4.232560720245061200000000000000e+001                                                                                                                                                         
3.987813368429789300000000000000e+001                                                                                                                                                         
3.757184882621038500000000000000e+001                                                                                                                                                         
3.539877596945086700000000000000e+001                                                                                                                                                         
3.335130479983490700000000000000e+001                                                                                                                                                         
3.142221768140120700000000000000e+001                                                                                                                                                         
2.960469070482139400000000000000e+001                                                                                                                                                         
2.789228279414371100000000000000e+001                                                                                                                                                         
2.627891950312613300000000000000e+001                                                                                                                                                         
2.475887477857975200000000000000e+001                                                                                                                                                         
2.332675229344613400000000000000e+001                                                                                                                                                         
2.197746711706128100000000000000e+001                                                                                                                                                         
2.070622807438010700000000000000e+001                                                                                                                                                         
1.950852093995325700000000000000e+001                                                                                                                                                         
1.838009251119368100000000000000e+001                                                                                                                                                         
1.731693555647879600000000000000e+001                                                                                                                                                         
1.631527461069308100000000000000e+001                                                                                                                                                         
1.537155258079491200000000000000e+001                                                                                                                                                         
1.448241812035335800000000000000e+001                                                                                                                                                         
1.364471373147809200000000000000e+001                                                                                                                                                         
1.285546455351689600000000000000e+001                                                                                                                                                         
1.211186779952159000000000000000e+001                                                                                                                                                         
1.141128280337669300000000000000e+001                                                                                                                                                         
1.075122164244905300000000000000e+001                                                                                                                                                         
1.012934030255976800000000000000e+001                                                                                                                                                         
9.543430353953610300000000000000e+000                                                                                                                                                         
8.991411108731668400000000000000e+000                                                                                                                                                         
8.471322231909553600000000000000e+000                                                                                                                                                         
7.981316779866773500000000000000e+000                                                                                                                                                         
7.519654641469379900000000000000e+000                                                                                                                                                         
7.084696358575776300000000000000e+000                                                                                                                                                         
6.674897303981012400000000000000e+000                                                                                                                                                         
6.288802196125082800000000000000e+000                                                                                                                                                         
5.925039931086139700000000000000e+000                                                                                                                                                         
5.582318713505706900000000000000e+000                                                                                                                                                         
1.225675601665759100000000000000e+000                                                                                                                                                         
1.996407428804128400000000000000e-001                                                                                                                                                         
2.475880303706413200000000000000e-002                                                                                                                                                         
1.283512114065726200000000000000e+000                                                                                                                                                         
2.090612814678247900000000000000e-001                                                                                                                                                         
2.592710794328515300000000000000e-002                                                                                                                                                         
1.355261068675539300000000000000e+000                                                                                                                                                         
2.207479092996336400000000000000e-001                                                                                                                                                         
2.737644595155207600000000000000e-002                                                                                                                                                         
1.437402402993287700000000000000e+000                                                                                                                                                         
2.341272708387691600000000000000e-001                                                                                                                                                         
2.903571135163904700000000000000e-002                                                                                                                                                         
1.528303546385882900000000000000e+000                                                                                                                                                         
2.489334493830047700000000000000e-001                                                                                                                                                         
3.087192600912467800000000000000e-002                                                                                                                                                         
1.627316850567321700000000000000e+000                                                                                                                                                         
2.650609545523678300000000000000e-001                                                                                                                                                         
3.287200734626274900000000000000e-002                                                                                                                                                         
1.734345368264913700000000000000e+000                                                                                                                                                         
2.824939953614509800000000000000e-001                                                                                                                                                         
3.503399701581500600000000000000e-002                                                                                                                                                         
1.849620804041287400000000000000e+000                                                                                                                                                         
3.012703123599958500000000000000e-001                                                                                                                                                         
3.736257547941509300000000000000e-002                                                                                                                                                         
1.973587064040806600000000000000e+000                                                                                                                                                         
3.214622099589817800000000000000e-001                                                                                                                                                         
3.986670969763588700000000000000e-002                                                                                                                                                         
2.106839744241489700000000000000e+000                                                                                                                                                         
3.431667001437550000000000000000e-001                                                                                                                                                         
4.255843078498220500000000000000e-002                                                                                                                                                         
2.250096582628770700000000000000e+000                                                                                                                                                         
3.665006896589800300000000000000e-001                                                                                                                                                         
4.545223714004290000000000000000e-002                                                                                                                                                         
2.404185741868020400000000000000e+000                                                                                                                                                         
3.915990714645199400000000000000e-001                                                                                                                                                         
4.856485775398554400000000000000e-002                                                                                                                                                         
2.570044885273997400000000000000e+000                                                                                                                                                         
4.186145742273039100000000000000e-001                                                                                                                                                         
5.191523354502180400000000000000e-002                                                                                                                                                         
2.748727302204729800000000000000e+000                                                                                                                                                         
4.477187600389807600000000000000e-001                                                                                                                                                         
5.552464109214289700000000000000e-002                                                                                                                                                         
2.941413184956947400000000000000e+000                                                                                                                                                         
4.791038612214966200000000000000e-001                                                                                                                                                         
5.941692042984154200000000000000e-002                                                                                                                                                         
3.149425235432528500000000000000e+000                                                                                                                                                         
5.129853223753162400000000000000e-001                                                                                                                                                         
6.361879030475906000000000000000e-002                                                                                                                                                         
3.374248445495236400000000000000e+000                                                                                                                                                         
5.496050222475160600000000000000e-001                                                                                                                                                         
6.816024774140713700000000000000e-002                                                                                                                                                         
3.617554349369104900000000000000e+000                                                                                                                                                         
5.892352240158755800000000000000e-001                                                                                                                                                         
7.307505794369972800000000000000e-002                                                                                                                                                         
3.881230405801626900000000000000e+000                                                                                                                                                         
6.321833611203632200000000000000e-001                                                                                                                                                         
7.840134781838623000000000000000e-002                                                                                                                                                         
4.167415505044284700000000000000e+000                                                                                                                                                         
6.787978207183681400000000000000e-001                                                                                                                                                         
8.418232322057414600000000000000e-002                                                                                                                                                         
4.478542963230359500000000000000e+000                                                                                                                                                         
7.294749467036995000000000000000e-001                                                                                                                                                         
9.046713744562882900000000000000e-002                                                                                                                                                         
4.817392809571234800000000000000e+000                                                                                                                                                         
7.846675563603399100000000000000e-001                                                                                                                                                         
9.731194743718889200000000000000e-002                                                                                                                                                         
5.187155737589119300000000000000e+000                                                                                                                                                         
8.448953568801529400000000000000e-001                                                                                                                                                         
1.047812056102005300000000000000e-001                                                                                                                                                         
5.591511839029869300000000000000e+000                                                                                                                                                         
9.107577697161006700000000000000e-001                                                                                                                                                         
1.129492502859700800000000000000e-001                                                                                                                                                         
6.034728247380248200000000000000e+000                                                                                                                                                         
9.829498349735010800000000000000e-001                                                                                                                                                         
1.219022781036311600000000000000e-001                                                                                                                                                         
6.521781199542235900000000000000e+000                                                                                                                                                         
1.062282093084512700000000000000e+000                                                                                                                                                         
1.317408096814896600000000000000e-001                                                                                                                                                         
7.058509943722501800000000000000e+000                                                                                                                                                         
1.149705653664320900000000000000e+000                                                                                                                                                         
1.425827985759653700000000000000e-001                                                                                                                                                         
7.651812624747917900000000000000e+000                                                                                                                                                         
1.246344101742979300000000000000e+000                                                                                                                                                         
1.545675881898783700000000000000e-001                                                                                                                                                         
8.309898138728176100000000000000e+000                                                                                                                                                         
1.353534520407839300000000000000e+000                                                                                                                                                         
1.678609992686652100000000000000e-001                                                                                                                                                         
9.042613546467759300000000000000e+000                                                                                                                                                         
1.472880820621576900000000000000e+000                                                                                                                                                         
1.826619436929416400000000000000e-001                                                                                                                                                         
9.861874883625162600000000000000e+000                                                                                                                                                         
1.606323912530251800000000000000e+000                                                                                                                                                         
1.992111268985100600000000000000e-001                                                                                                                                                         
1.078224157831800600000000000000e+001                                                                                                                                                         
1.756235267868608200000000000000e+000                                                                                                                                                         
2.178026511850381100000000000000e-001                                                                                                                                                         
1.182169360970987000000000000000e+001                                                                                                                                                         
1.925543505263232800000000000000e+000                                                                                                                                                         
2.387997144183531300000000000000e-001                                                                                                                                                         
1.300270010797510500000000000000e+001                                                                                                                                                         
2.117908446149575900000000000000e+000                                                                                                                                                         
2.626561958856374900000000000000e-001                                                                                                                                                         
1.435371540296748800000000000000e+001                                                                                                                                                         
2.337964794475771300000000000000e+000                                                                                                                                                         
2.899468766688054200000000000000e-001                                                                                                                                                         
1.591131624741328700000000000000e+001                                                                                                                                                         
2.591670252325879000000000000000e+000                                                                                                                                                         
3.214106118248183900000000000000e-001                                                                                                                                                         
1.772332546403145100000000000000e+001                                                                                                                                                         
2.886814306446044800000000000000e+000                                                                                                                                                         
3.580134284547835700000000000000e-001                                                                                                                                                         
1.985349743223258700000000000000e+001                                                                                                                                                         
3.233781410642899300000000000000e+000                                                                                                                                                         
4.010431731311807600000000000000e-001                                                                                                                                                         
2.238875931411970700000000000000e+001                                                                                                                                                         
3.646730452631223400000000000000e+000                                                                                                                                                         
4.522557855840287400000000000000e-001                                                                                                                                                         
2.545079703923187600000000000000e+001                                                                                                                                                         
4.145481904759701100000000000000e+000                                                                                                                                                         
5.141093370662309600000000000000e-001                                                                                                                                                         
2.921536530689143500000000000000e+001                                                                                                                                                         
4.758663079744478000000000000000e+000                                                                                                                                                         
5.901540948568669800000000000000e-001                                                                                                                                                         
3.394608012376360100000000000000e+001                                                                                                                                                         
5.529212333651617700000000000000e+000                                                                                                                                                         
6.857151358176866200000000000000e-001                                                                                                                                                         
4.005717641421393400000000000000e+001                                                                                                                                                         
6.524601163763893700000000000000e+000                                                                                                                                                         
8.091600581039454200000000000000e-001                                                                                                                                                         
4.823902329096917200000000000000e+001                                                                                                                                                         
7.857278412449664600000000000000e+000                                                                                                                                                         
9.744344055949895100000000000000e-001                                                                                                                                                         
5.973425771333906200000000000000e+001                                                                                                                                                         
9.729647525898201400000000000000e+000                                                                                                                                                         
1.206639602909464800000000000000e+000                                                                                                                                                         
7.702811871442590100000000000000e+001                                                                                                                                                         
1.254650971425812500000000000000e+001                                                                                                                                                         
1.555977794592778600000000000000e+000                                                                                                                                                         
1.059194501953869400000000000000e+002                                                                                                                                                         
1.725239345039879200000000000000e+001                                                                                                                                                         
2.139586364954702900000000000000e+000                                                                                                                                                         
1.638047122762870600000000000000e+002                                                                                                                                                         
2.668087249326520500000000000000e+001                                                                                                                                                         
3.308876020930630300000000000000e+000                                                                                                                                                         
3.376660611077245400000000000000e+002                                                                                                                                                         
5.499979210929270600000000000000e+001                                                                                                                                                         
6.820897379294686800000000000000e+000                                                                                                                                                         
